time,x,y,z,phi,theta,psi,x_velocity,y_velocity,z_velocity,phi_velocity,theta_velocity,psi_velocity,rotor_speed1,rotor_speed2,rotor_speed3,rotor_speed4
0.06,1.22168437056e-07,3.32912825081e-06,10.0099861404,0.0014761070376,6.28298355813,0.0,1.64348286091e-05,0.000242010520791,0.332833969202,0.0516083709167,-0.0111180521685,0.0,505.5073648140531,504.7057743957876,503.853943227156,507.5707238296591
0.12000000000000001,8.14097750268e-06,6.31412628685e-05,10.0343947723,0.00418471813813,6.28247032692,0.0,0.000314752842165,0.00207367897873,0.480735064807,0.0272906652881,-0.00386390182076,0.0,451.8689129286626,452.4533397821187,452.7824014704974,450.82316991002796
0.18,4.20650635869e-05,0.0002765575543,10.0653540361,0.00607873088242,6.28215393748,0.0,0.000842632276636,0.00521356360241,0.551207707443,0.0389793035974,-0.0082522741973,0.0,427.92746842811397,427.5538986779032,427.134711675832,428.1306161013777
0.23999999999999996,0.000116621068854,0.000731139612558,10.1025463657,0.00835377275695,6.28204142516,0.0,0.00167263369881,0.0101868329918,0.688461699518,0.0357046605121,0.00853202404733,0.0,447.9446083219733,449.3072657942661,449.3196629685923,449.05481903222113
0.3,0.000237155613717,0.00151012042328,10.1453496184,0.0106800077565,6.28237505102,0.0,0.00230442349549,0.0159908008656,0.738280268081,0.0442871442038,-0.00116694019506,0.0,421.8406329442138,421.00230887079846,420.57946770108254,421.32287161163373
0.36000000000000004,0.000394207156142,0.00272371539347,10.1946858025,0.0137735376282,6.28210421734,0.0,0.00294848295429,0.0247865279148,0.90613696401,0.063136809289,-0.0122276805891,0.0,458.84968709622945,457.97096443504927,457.8769526516739,459.37546060562505
0.4200000000000001,0.000597875568625,0.00452857854413,10.2533461531,0.0172478375087,6.28130770908,0.0,0.00392313528273,0.0357703912732,1.04908121422,0.044575480656,-0.0154568959405,0.0,451.4637000964725,451.20322440177637,451.79525363695427,450.2986215506254
0.48000000000000015,0.000879256381139,0.0070721447877,10.3210314048,0.0197375888672,6.28024069875,0.0,0.00556567017406,0.0492987822516,1.20693457995,0.0344909664007,-0.0228977885254,0.0,456.3346064050646,455.74039321162354,456.4374136369463,455.63284649236795
0.5400000000000001,0.00127580218353,0.0104240421842,10.395367799,0.0214098090763,6.27891513181,0.0,0.00778274881827,0.0626155361425,1.27087144868,0.00937450051015,-0.0205296727498,0.0,426.8037358215386,427.00573861124286,427.8170983201942,425.67361471736734
0.6000000000000002,0.00183200810393,0.0146075826496,10.4737780077,0.0222501860931,6.27751253646,0.0,0.0108852705746,0.0769037524703,1.34271772824,0.0219514316874,-0.0297832524431,0.0,429.98920487176724,429.20455754246063,428.980737785351,430.0471766154213
0.6600000000000003,0.00264294778067,0.0198131622972,10.5629760672,0.023467748745,6.27578752782,0.0,0.0163716285726,0.0967717985266,1.63018059755,0.0167500988304,-0.026760390401,0.0,494.6160758363041,494.8384822683945,494.69380917253756,494.3106327258039
0.7200000000000003,0.00378224216315,0.0261015717916,10.6635144372,0.0244241561144,6.27391513885,0.0,0.0217769046316,0.112937099372,1.72096145521,0.0142689541025,-0.0420430308405,0.0,437.60411399610626,436.3298029555105,436.4574526630632,436.2502545148233
0.7800000000000004,0.00525439864643,0.0332955106124,10.76610158,0.0255651104547,6.27118552006,0.0,0.0275147720047,0.126946164953,1.69863849824,0.027130608608,-0.0534830271831,0.0,399.9815805443586,398.93692572345407,398.6050081622025,399.77857874941157
0.8400000000000004,0.00714969587112,0.0414153638833,10.8698215647,0.0270131107312,6.26859250767,0.0,0.0359342590068,0.143861222793,1.75859528356,0.0173409532337,-0.0280711901372,0.0,425.23945181021355,427.4092647034721,428.0418612451509,427.20809845477385
0.9000000000000005,0.0096561843238,0.0506860157282,10.9811768213,0.0279919053585,6.26658277894,0.0,0.0478212397336,0.165268486007,1.95292716171,0.0141743680177,-0.0474807371177,0.0,469.8221324739281,468.31448277704993,468.9254708922308,468.6793358838083
0.9600000000000005,0.0128759929203,0.061177631396,11.1011478446,0.0289801231905,6.2637228979,0.0,0.0597911526447,0.184539773734,2.04593557406,0.0207063629363,-0.0480350148297,0.0,437.61265476214004,437.5651013526678,439.2059615346687,439.74726447218467
1.0200000000000005,0.0168551035734,0.0728222971307,11.2258325958,0.0307694910699,6.26106392364,0.0,0.0731105883762,0.203762212165,2.11009443081,0.0436618809114,-0.0377605014273,0.0,430.010134113422,430.87836495146377,427.89272513608023,429.84270287371027
1.0800000000000005,0.0217856725946,0.085801877327,11.3589205903,0.0330772646739,6.25919177462,0.0,0.0914757835684,0.229173296076,2.32574040809,0.0252396852773,-0.0205554023653,0.0,475.43532259455253,476.7513214872231,477.63390624694966,476.22752848602664
1.1400000000000006,0.0278195840827,0.100303270067,11.5033298043,0.0340687135616,6.25837445116,0.0,0.109757120551,0.254346903532,2.48755076626,-0.0132555629167,-0.00247880833115,0.0,460.8550201756327,462.2816550787789,462.7560713380717,459.7159557562393
1.2000000000000006,0.0349162211555,0.116261442372,11.6554929638,0.0337733025062,6.25787506343,0.0,0.126820829972,0.277531740366,2.58433892286,0.00798235169259,-0.0238002265718,0.0,443.2219783297773,441.46629587299947,440.9113179670836,442.6624822453585
1.2600000000000007,0.0430985942139,0.133670645777,11.8152979728,0.03393642375,6.25655322569,0.0,0.146067006667,0.302799630159,2.74212051622,-0.0107262069828,-0.0187078792743,0.0,461.3776145404578,461.7794821075871,461.884168876216,460.40634924556787
1.3200000000000007,0.0524656150424,0.152596489174,11.9846251472,0.032943763607,6.25545829054,0.0,0.166278899025,0.327959943736,2.9017231219,-0.0319243950917,-0.017346504537,0.0,462.7608678032135,462.8680922666366,463.3908069924029,461.72149406447
1.3800000000000008,0.0630071696578,0.172931253292,12.1612931653,0.0312067382274,6.2542627917,0.0,0.185210657256,0.349674157759,2.98699188536,-0.0235832059342,-0.0256569854218,0.0,441.12481664900037,440.4380402505519,439.97203766237544,440.66183262868987
1.4400000000000008,0.0747141827064,0.194538842192,12.3432063952,0.0295724955662,6.25282257197,0.0,0.205165085331,0.370416974611,3.07654287035,-0.0357852075628,-0.0208870080736,0.0,443.49152228951885,443.88306716297643,441.566193487301,440.55822313634235
1.5000000000000009,0.0876899809562,0.217397343181,12.5319630042,0.0272233800594,6.25262595837,0.0,0.227413056935,0.391278191315,3.21496740993,-0.0469158851066,0.0188110024775,0.0,456.7756173675856,459.9305946670695,458.15278682888413,457.2661958316809
1.560000000000001,0.101903557698,0.241371014826,12.7259534355,0.0239962217496,6.25366416431,0.0,0.246268056191,0.407564124319,3.251287854,-0.0733357153708,0.0141038462372,0.0,426.89797015902786,426.49604871711784,427.6343006968939,425.375467197963
1.620000000000001,0.117315583558,0.266322934184,12.9250490765,0.0196192710046,6.25446777238,0.0,0.26736529663,0.42368457517,3.38486171972,-0.0721875182691,0.0119334928019,0.0,457.13513106504524,456.9620281981267,457.9341429942222,458.0215152146635
1.680000000000001,0.133905574916,0.292101108611,13.1297431034,0.0149746382029,6.25624017381,0.0,0.28549766654,0.435157264409,3.43812816074,-0.090707290163,0.0516226547192,0.0,430.95824189027377,434.30040930771565,434.39621952602374,432.8352686891351
1.740000000000001,0.151630399193,0.318520265271,13.3409885331,0.00942975658353,6.25941721452,0.0,0.304964421205,0.444857650472,3.60290432066,-0.0960662170797,0.0554816621565,0.0,467.90338863348387,468.2054060714221,468.1192774834633,467.69532362236777
1.8000000000000012,0.170373949812,0.345367247633,13.5588861184,0.00407001504829,6.26356485602,0.0,0.319448165809,0.449506624635,3.66018757386,-0.0784493060745,0.0877376310565,0.0,434.47450216517717,437.174087707045,434.9890826316953,436.4549427151113
1.8600000000000012,0.18992023055,0.372396622314,13.7813427635,0.000189452810001,6.26830327957,0.0,0.331567195491,0.451043077411,3.75474758807,-0.0459449642659,0.0488747047892,0.0,448.6769325579868,445.51490558673635,447.38321253503636,450.0186750414535
1.9200000000000013,0.210029255053,0.399445957942,14.0041848867,6.28038929364,6.2712738739,0.0,0.338513298497,0.450384570461,3.67359760163,-0.0587458137786,0.0507505386839,0.0,389.3598964252731,389.53727431410414,391.0999458284519,389.9037638591819
1.9800000000000013,0.230569689224,0.426389533104,14.2275534086,6.27710662748,6.27485015067,0.0,0.345821120064,0.447388649513,3.7717114464,-0.0476673764311,0.0731320021693,0.0,447.9782445547371,449.79692978142583,448.75723225039275,449.65363828360023
2.0400000000000014,0.251446861045,0.453109777968,14.4537433343,6.27559019347,6.27920153291,0.0,0.349703417935,0.443112419493,3.76797390415,0.00031832231961,0.0712771251465,0.0,416.16794347661966,416.01000517106394,415.5342656538435,419.7194205764957
2.1000000000000014,0.272505148447,0.479495571915,14.6874351378,6.27538598662,0.000275998951635,0.0,0.351702670312,0.436411413333,4.02090578862,-0.0121412054531,0.0704287140118,0.0,496.2396892002597,496.1806930090937,495.0931596401506,494.17562060572664
2.1600000000000015,0.293584644654,0.505540715354,14.9274943379,6.27452030787,0.00463335974735,0.0,0.350595335312,0.431694744275,3.98121193595,-0.0194459878872,0.0766823798105,0.0,406.2301641905544,406.79520637037166,406.91783254675624,406.2634084172787
2.2200000000000015,0.314506156672,0.531257637549,15.1685120768,6.27317634776,0.00920772813124,0.0,0.346339130331,0.425416346645,4.05246689272,-0.0290785515819,0.0753391495512,0.0,442.32606419380045,442.2200422799796,443.6146636842505,442.82289223958173
2.2800000000000016,0.335082092916,0.556571445766,15.4137505405,6.27255419362,0.0137244441438,0.0,0.339085538974,0.418278918053,4.12190276715,0.012583701091,0.0751572961831,0.0,442.2479441185898,442.23744542810863,441.4334276003202,444.8583144770557
2.3400000000000016,0.355170342037,0.581480245136,15.6606122676,6.27425148711,0.0179323227129,0.0,0.330147811027,0.412129528372,4.10687426858,0.0487775245935,0.057482135621,0.0,415.48837263573995,413.9397453858165,415.15550237970155,418.3197424367241
2.4000000000000017,0.374587032861,0.60602699664,15.9101094508,6.27796641738,0.0216561617651,0.0,0.316713203352,0.406450229822,4.20932246621,0.0800386333326,0.069932204005,0.0,452.2340384318793,453.238496347284,452.8258259599723,455.33626525189186
2.4600000000000017,0.393171837363,0.630327265132,16.1633421566,6.28255130244,0.0256237588476,0.0,0.302410909862,0.403988810739,4.23167610992,0.0679549065322,0.0571603131652,0.0,428.65483649349056,427.5713953884499,430.0548796867181,429.0348276171462
2.520000000000002,0.410659622631,0.654562865858,16.4242951171,0.00332176791025,0.0297118384835,0.0,0.280073357573,0.404356755283,4.4658588548,0.0615377314797,0.0840494029297,0.0,492.7656827709061,494.75235999088693,493.02881660334816,492.55717947932345
2.580000000000002,0.426877655918,0.67889455121,16.6934831505,0.00758527404738,0.0349900123279,0.0,0.260049688076,0.407076531213,4.50689789502,0.0853616481276,0.0948354431545,0.0,436.7433093735777,437.6486102569821,435.8442544806236,437.8348852253716
2.640000000000002,0.441781513348,0.703477454079,16.9654306784,0.0127986709808,0.0406319676365,0.0,0.236215445275,0.41284395928,4.55779248519,0.0897817328343,0.0923777651427,0.0,441.70481605808754,441.5096194501738,439.3057647086495,439.6784871652139
2.700000000000002,0.455205832998,0.728488994857,17.2390257589,0.0186775455052,0.0461518172727,0.0,0.210776803758,0.421373885999,4.56199538059,0.110717078887,0.0912264655331,0.0,426.28511257073296,426.1942296599019,424.7771091749806,426.5773344837662
2.760000000000002,0.466988802993,0.754128170633,17.5132274807,0.0253980162149,0.0511912968471,0.0,0.181515881903,0.433864436175,4.57795650603,0.114469754246,0.06279859902,0.0,430.1811108906752,427.7725951123247,430.70281267166985,431.03166982566404
2.820000000000002,0.476689232064,0.780763655652,17.7930300396,0.032115419677,0.0546418618455,0.0,0.14146162954,0.454731226283,4.74805208033,0.106391712996,0.0439872398921,0.0,478.9141990985935,477.48306839084177,477.5918520379337,476.98541824738817
2.880000000000002,0.484055996339,0.808716235011,18.0804382593,0.038595090362,0.05737249319,0.0,0.103852781244,0.477650626786,4.83182084174,0.111019000439,0.0483943233882,0.0,453.3999542442579,453.7550857779546,452.73341636555983,453.11562076385917
2.940000000000002,0.489037827656,0.838226390963,18.3741164196,0.0457882941579,0.0605818652305,0.0,0.0619182500337,0.506735988914,4.95685172895,0.133424477227,0.0621090713616,0.0,465.0966706156478,466.17141786265756,466.8279622746785,468.5850799670761
3.000000000000002,0.491486548911,0.869598882791,18.6744048754,0.0533837649036,0.064134173892,0.0,0.0193654116514,0.539789027813,5.05226501288,0.107220072741,0.0526552002016,0.0,459.5433188959145,458.79554371593173,459.71872664402963,457.65106505659975
3.0600000000000023,0.491719763841,0.902760938611,18.9741177191,0.0597782321632,0.067384412424,0.0,-0.0118458539661,0.566089937774,4.93860186917,0.105252075553,0.057040137267,0.0,390.2311924740852,390.64276138586007,391.39462997932577,391.22303996494094
3.1200000000000023,0.489653626299,0.937931432435,19.2725742586,0.0657883328477,0.0708708884729,0.0,-0.0573378531586,0.606842018896,5.0095552665,0.0873352035176,0.0601614592975,0.0,451.2682231301482,451.5224237840837,452.40866727719043,450.9718927808691
3.1800000000000024,0.484451521882,0.975975538089,19.579972729,0.0708574544035,0.074376583319,0.0,-0.116418407196,0.661844206258,5.23594680111,0.0780750984667,0.054716257344,0.0,497.94999858831756,497.55342876277933,499.34522191533057,498.6741410132118
3.2400000000000024,0.475596813658,1.01746315182,19.9012541841,0.0752485117749,0.0777347460408,0.0,-0.17905637538,0.721546910077,5.47222526722,0.0609709153979,0.0583637892416,0.0,503.80619087458524,504.0715976156561,503.2556548753007,502.0193457410955
3.3000000000000025,0.463466826519,1.06208883488,20.2295019861,0.0790121917564,0.081246609328,0.0,-0.22557743279,0.766291518356,5.46929829629,0.0660275209777,0.0588633631542,0.0,433.1444805653233,433.1889819143665,434.1339042514549,434.5609946102296
3.3600000000000025,0.448222695392,1.10971887974,20.5607391918,0.0829188768475,0.084749390123,0.0,-0.282874439019,0.821730292579,5.57134354133,0.0632141598376,0.0573947542639,0.0,466.670889842182,466.55841428389124,467.10553487761115,466.88894849753143
3.4200000000000026,0.429363768592,1.16085571703,20.8992948852,0.0867564056378,0.0889538588111,0.0,-0.346113022792,0.883173424177,5.71302556147,0.0654073481192,0.0877467374154,0.0,479.06078548150793,481.3666188811688,479.3705661046901,479.539878698287
3.4800000000000026,0.407160972861,1.21523025625,21.2402698945,0.0907311746877,0.0937573157963,0.0,-0.394403782371,0.929635112174,5.65299710163,0.0678723017193,0.0566155566136,0.0,418.81821805674974,416.1064603796261,418.5879467654616,418.8059974239168
3.5400000000000027,0.381779695961,1.27265787645,21.5798471394,0.0950663768754,0.0969405978184,0.0,-0.451920649396,0.984975716174,5.66605888813,0.0798213244806,0.044765818148,0.0,442.29808903560246,441.322741913337,441.13025152289066,442.1200612428321
3.6000000000000028,0.352466398735,1.33390240615,21.9245333785,0.0994235413386,0.0996240402829,0.0,-0.52540048985,1.05692916918,5.82254261256,0.0515782279809,0.0446403810297,0.0,485.71925746394527,485.71080770698603,487.106010270882,484.9923819213218
3.660000000000003,0.318815245354,1.39942320454,22.2772969372,0.103011043819,0.101947611487,0.0,-0.596502244957,1.12737185365,5.935521763,0.0725482414532,0.0229978617281,0.0,475.30135209404483,473.6400811154798,474.5206187200243,476.1301287886315
3.720000000000003,0.281347844533,1.46874959521,22.6320328992,0.107905891373,0.102773581859,0.0,-0.652530046772,1.18389238746,5.88912843539,0.0953164983045,-0.0203716177448,0.0,427.8377311434836,424.12828898017654,425.5623972291058,427.51277091886345
3.780000000000003,0.240278237328,1.54179713275,22.9862430537,0.113800485339,0.1020504612,0.0,-0.716347902509,1.25152548778,5.91759159967,0.103530225605,0.000838104909694,0.0,448.6922979343007,450.4113354717731,450.6056088703074,451.27734001831305
3.840000000000003,0.19552520066,1.61886006272,23.340826149,0.120662176286,0.102162366882,0.0,-0.775428760034,1.31779099578,5.90177024228,0.130117353405,0.0038439371507,0.0,436.7127405933793,436.96340472171704,435.45260201547296,437.6830112247729
3.900000000000003,0.147264046417,1.69997262796,23.6940599016,0.128495479598,0.102335656816,0.0,-0.833302631484,1.3866095899,5.87265772435,0.131415488384,0.000904487157866,0.0,432.7385244309376,432.49090682107,432.4271658552463,432.5526692774126
3.960000000000003,0.0949134382978,1.7861202003,24.051455724,0.137153856279,0.102239541533,0.0,-0.911617002764,1.48577124069,6.03940573611,0.162177947256,-0.00715671796161,0.0,492.84872012219245,492.25248107173155,492.0215988357326,494.31078603901295
4.020000000000002,0.0386999233398,1.87729400252,24.4107822099,0.146465591494,0.101761356212,0.0,-0.962184733256,1.55410210382,5.93847255628,0.135179567601,-0.0096475642327,0.0,411.9217545479983,411.70148249316003,411.11939641402387,408.74405628490865
4.080000000000001,-0.02084573451,1.97313678028,24.7669798109,0.154442441987,0.101403883625,0.0,-1.02262780575,1.64132839499,5.93457240722,0.128066985379,0.000554424568085,0.0,442.21714183784246,443.0569920666445,442.80654437095933,442.2372478340944
4.14,-0.0840911372644,2.07446471875,25.1236563471,0.161817365141,0.101748121737,0.0,-1.08555508392,1.73689849007,5.95429113592,0.109862554846,0.0144860874871,0.0,450.251290564579,451.37716228143535,451.0945942815793,449.6351244438995
4.199999999999998,-0.151088040268,2.1815992856,25.4811573944,0.168118654206,0.102370532141,0.0,-1.14773378297,1.83477608271,5.96212205672,0.0929710480807,0.000523707802657,0.0,448.2578234333723,447.12140050947414,448.1023439753865,446.7362274862723
4.259999999999997,-0.222135391812,2.29521880755,25.8420720247,0.17429918278,0.102585573888,0.0,-1.22046026796,1.95300419425,6.06752622707,0.117894495007,0.00909311303232,0.0,477.52983572874183,478.183144303492,477.81888134481835,479.7236406047973
4.319999999999996,-0.29731586443,2.41565613556,26.2069997055,0.181800683806,0.103210500558,0.0,-1.28558777712,2.06216207565,6.09627300351,0.136415138164,0.0129369892129,0.0,455.403807398105,455.71110888063475,456.83933751005077,458.3275460926677
4.379999999999995,-0.376630916229,2.54315317248,26.5756336172,0.189648467169,0.103661964049,0.0,-1.35825068848,2.18839580821,6.19063910457,0.11615131351,-0.00642559381832,0.0,479.09645541113434,477.6216168046438,477.8479070539479,476.314532882025
4.439999999999993,-0.459652930241,2.6771693514,26.943656926,0.196800515857,0.103528199914,0.0,-1.40919747987,2.27937099225,6.07717183329,0.124687114183,0.00506349158296,0.0,412.81277645805176,413.8256575776808,411.1305439392657,411.90031527228837
4.499999999999992,-0.546280811217,2.81777509697,27.309999667,0.204009307674,0.103994360477,0.0,-1.47839696776,2.40805375351,6.13357724526,0.10903349375,0.0126957697441,0.0,467.73773531852345,468.33176658164757,467.16000646887255,465.9496878711427
4.559999999999991,-0.63700057451,2.96608638258,27.6789986543,0.210977849172,0.105152195386,0.0,-1.54566070499,2.53615782195,6.16584225955,0.127505252166,0.0300032006708,0.0,459.49519525122236,460.8654802995837,461.4685188304303,462.93595495735525
4.6199999999999894,-0.731030354194,3.12070757581,28.0429380403,0.218530954778,0.106885931899,0.0,-1.58888522591,2.61848042392,5.96628375056,0.122433961522,0.0265833525281,0.0,383.63472475937056,383.3101467930953,382.99155496577,382.5259762765754
4.679999999999988,-0.827839166053,3.2806754508,28.3963516969,0.22598409254,0.108561360247,0.0,-1.63826917315,2.71435446436,5.81466782118,0.127565995641,0.0304779006795,0.0,399.8877319947372,400.2427341344133,397.5153717097934,398.00147216916463
4.739999999999987,-0.928895799526,3.44907943393,28.7518551411,0.234107759259,0.110448303842,0.0,-1.7303608031,2.89965558086,6.03368532115,0.147668959421,0.0333235648807,0.0,514.9315845415122,515.1330853186452,515.2351218187121,516.6685775612017
4.799999999999986,-1.03533380883,3.62838090668,29.1187319829,0.242610707927,0.112969427246,0.0,-1.81770888537,3.07767115823,6.1940252651,0.12586412538,0.0553589230932,0.0,501.37725617788243,502.97666517796165,502.9525563857463,501.38640615831287
4.859999999999984,-1.14612905914,3.81652524286,29.4870918028,0.250877900761,0.1158508733,0.0,-1.87575389937,3.19439578927,6.08480223832,0.154686956719,0.0263459747538,0.0,421.24486552889226,418.72917379153574,419.03730092492964,421.5542582065098
4.919999999999983,-1.26138025305,4.01377722817,29.8565879852,0.259861033262,0.118065695276,0.0,-1.96604388068,3.38128395641,6.23021984543,0.137268610801,0.0523921546327,0.0,499.66091275929153,501.5569922076565,501.41158623725244,500.1624181866
4.979999999999982,-1.38143883439,4.22096927647,30.2293184707,0.26770611473,0.120675679909,0.0,-2.03616408943,3.52566573287,6.19377529472,0.112706768273,0.0123807010583,0.0,448.2334416704379,444.96991579022847,449.59192184096185,447.61206065627664
5.0399999999999805,-1.5060520006,4.43760306498,30.6022516465,0.274146297297,0.121793283781,0.0,-2.11764811567,3.69582316516,6.23651786925,0.0935474301208,0.0288561317315,0.0,472.11811861179115,473.3878419580167,475.0826740055621,473.62015298672094
